Seavel data
A B C D E F G H I K L I
0  11  1993.0115260    466462 337277.00    -37.24     92.66    -37.02    -37.24     92.66    -37.02    -37.52
0  12  1993.0386920    460889 334037.31    -40.35     95.39    -38.20    -40.34     95.39    -38.19    -38.05
0  13  1993.0658580    472123 342416.09    -40.17     92.29    -38.28    -40.16     92.29    -38.27    -37.61
0  14  1993.0930250    421377 306050.59    -41.92     96.20    -38.56    -41.89     96.19    -38.54    -37.49
0  15  1993.1201910    459548 331094.09    -36.89     94.64    -37.87    -36.85     94.63    -37.83    -36.48
0  16  1993.1473570    416480 300344.81    -35.69     93.22    -36.96    -35.65     93.21    -36.93    -35.37
0  17  1993.1745230    467980 337061.91    -36.09     91.67    -36.14    -36.05     91.67    -36.09    -34.35
0  18  1993.2016890    466075 335414.41    -34.70     91.95    -35.53    -34.65     91.94    -35.48    -33.57
0  19  1993.2288550    461207 331521.09    -34.04     91.70    -35.18    -33.98     91.68    -35.12    -33.02
0  21  1993.2831880    461743 331709.69    -36.48     89.84    -35.23    -36.41     89.83    -35.16    -32.53
0  22  1993.3103540    469833 338035.69    -33.09     89.52    -35.60    -33.00     89.50    -35.51    -32.54
0  23  1993.3375200    467659 337536.50    -35.11     88.88    -36.12    -35.01     88.86    -36.02    -32.70
0  24  1993.3646860    467923 336246.41    -37.76     88.73    -36.52    -37.66     88.71    -36.42    -32.76
0  25  1993.3918520    470038 337664.19    -39.00     89.03    -36.94    -38.90     89.01    -36.84    -32.91
0  26  1993.4190180    471715 339521.19    -38.36     88.65    -36.80    -38.25     88.62    -36.69    -32.59
0  27  1993.4461850    468842 338293.00    -35.35     89.34    -36.71    -35.22     89.32    -36.59    -32.48
